1 2 
1 3 
1 4 
1 5 
6 7 
6 8 
6 4 
6 9 
6 5 
6 10 
11 12 
11 13 
11 14 
11 15 
12 14 
12 16 
17 18 
17 19 
17 13 
17 9 
17 15 
17 20 
21 22 
21 23 
21 24 
25 26 
25 27 
28 26 
28 29 
28 30 
2 3 
3 31 
3 32 
3 5 
33 34 
33 35 
33 8 
33 19 
33 36 
33 37 
38 39 
38 14 
38 16 
38 15 
38 40 
38 20 
34 41 
34 42 
34 8 
34 37 
41 42 
41 43 
41 44 
18 8 
18 19 
18 9 
42 8 
42 44 
42 5 
42 27 
42 45 
7 4 
7 10 
22 46 
22 23 
22 24 
22 47 
26 30 
26 27 
26 45 
48 46 
43 44 
43 37 
35 49 
35 36 
35 37 
8 19 
8 9 
8 5 
4 5 
39 49 
39 36 
39 20 
31 32 
31 5 
31 27 
49 36 
19 36 
19 20 
46 47 
29 23 
29 30 
13 9 
13 10 
14 16 
14 15 
23 30 
23 47 
44 30 
44 45 
9 10 
16 40 
30 45 
36 20 
5 27 
15 20 
27 45 
